700	1932.3
702	1999
704	2129.6
706	2337.5
708	2659.5
711	3357.2
713	3510.7
715	3323.3
717	3165.9
719	3057.7
721	3013.3
723	3058.3
725	3215.7
727	3530.4
729	3915.2
732	4498.8
734	4361
736	3704.1
738	3886.5
740	4374.2
742	4153.1
744	3820.6
746	3666.6
748	3743
750	4113.4
753	4000.5
755	3932.9
757	3933.1
759	4146.7
761	4479
763	5314.5
765	9777.1
767	4329.9
769	3744.2
771	3445.4
774	3168.6
776	3022.9
778	2954.1
780	3016.2
782	3220.9
784	3072.6
786	3015
788	3480.5
790	5001.8
792	3504.5
795	3382.4
797	4473
799	4093.9
801	3564.5
803	3337.2
805	3437
807	4007.5
809	3942.2
811	3674.3
813	3520
816	3668.6
818	4339.8
820	6162.4
822	14285
824	36792
826	11553
828	24582
830	6966.4
832	4792
834	12051
837	5968.8
839	3650
841	9362.9
843	3367.5
845	2545.9
847	2229.3
849	2150.5
851	2175.7
853	2324.8
855	2462.8
858	2779.8
860	2746.2
862	2782.2
864	3206.4
866	3909.4
868	3912.2
870	4188.1
872	4856.9
874	5450.9
876	5993.6
879	8053.5
881	21729
883	38096
885	14678
887	10837
889	8243.6
891	8309.9
893	9248.9
895	21247
897	15058
900	7666.1
902	6715.9
904	14811
906	16075
908	6003.9
910	5029.4
912	5623.1
914	8398.6
916	27216
918	21292
921	9922.3
923	7212.5
925	5062.5
927	5277.9
929	5851.4
931	6729.2
933	7900.9
935	9174.6
937	10782
939	12477
942	12037
944	11777
946	11878
948	11928
950	11921
955	7901.7
960	5347.9
964	6146.7
969	9049.7
973	10537
978	14006
983	12144
987	8616.6
992	13348
997	7984
1001	5952.4
1006	7128.4
1010	8500.1
1015	6566.7
1020	3490.4
1024	3084.6
1029	3289.3
1034	3313.6
1038	2960.3
1043	3142.1
1047	3802.3
1052	4544.1
1057	3470.7
1061	2784.1
1066	2628.2
1071	2899.4
1075	3171.9
1080	3941.7
1084	4495.4
1089	3886.3
1094	2588.1
1098	2314
1103	3586.9
1108	5905.6
1112	5316.3
1117	2932.7
1121	2046.4
1126	1685.3
1131	1602.9
1135	1557.7
1140	1590
1145	1611.9
1149	1591.2
1154	1587.5
1158	1723.5
1163	2242.2
1168	3438
1172	5409.1
1177	5571.6
1182	3445.4
1186	2665.2
1191	1912.1
1195	1559.8
1200	1382.7
